[gd_scene load_steps=4 format=3 uid="uid://daops0mjeidif"]

[ext_resource type="Script" uid="uid://cq5kvur26lrnq" path="res://Level/Level.gd" id="1_a526m"]
[ext_resource type="PackedScene" uid="uid://b0vk61n58s3k4" path="res://Floor/Floor.tscn" id="2_r3cbp"]
[ext_resource type="PackedScene" uid="uid://b0tly6gciunwy" path="res://Silo/Silo.tscn" id="3_cyxyq"]

[node name="Level" type="Node3D"]
script = ExtResource("1_a526m")

[node name="Floor" parent="." instance=ExtResource("2_r3cbp")]

[node name="Silo" parent="." instance=ExtResource("3_cyxyq")]

[node name="CSGBox3D" type="CSGBox3D" parent="."]
transform = Transform3D(0.98822, -0.153038, 0, 0.153038, 0.98822, 0, 0, 0, 1, 11.566, 0, 3.84997)
use_collision = true
size = Vector3(6.42651, 1, 7.46045)

[node name="CSGBox3D2" type="CSGBox3D" parent="."]
transform = Transform3D(0.723112, -0.690731, 0, 0.690731, 0.723112, 0, 0, 0, 1, 12.3904, 0.787513, 3.84997)
use_collision = true
size = Vector3(6.42651, 1, 7.46045)

[node name="CSGBox3D3" type="CSGBox3D" parent="."]
transform = Transform3D(0.49551, -0.770682, 0.400648, 0.847021, 0.326547, -0.41943, 0.192417, 0.547189, 0.814592, 12.3904, 0.787513, 3.84997)
use_collision = true
size = Vector3(6.42651, 1, 7.46045)
